10

8 4 2048
4 8 2048
6 2 256
2 6 256
5 9 256
9 5 256
5 6 256
6 5 256
8 4 256
4 8 256
3 6 256
6 3 256
2 7 256
7 2 256
8 1 2048
1 8 2048
2 1 512
1 2 512
8 3 512
3 8 512
4 2 1024
2 4 1024
9 5 2048
5 9 2048
7 6 1024
6 7 1024
0 9 512
9 0 512
1 5 2048
5 1 2048
0 4 1024
4 0 1024
3 6 2048
6 3 2048
7 6 256
6 7 256
9 6 256
6 9 256
9 4 2048
4 9 2048
5 4 256
4 5 256
1 3 256
3 1 256
8 3 1024
3 8 1024
1 0 512
0 1 512
1 4 1024
4 1 1024
9 4 2048
4 9 2048
3 4 1024
4 3 1024
2 7 512
7 2 512
0 5 2048
5 0 2048
0 4 2048
4 0 2048
