10

8 2 256
2 8 256
0 8 1024
8 0 1024
0 4 2048
4 0 2048
4 6 1024
6 4 1024
2 4 2048
4 2 2048
0 9 2048
9 0 2048
5 6 512
6 5 512
9 7 512
7 9 512
8 7 512
7 8 512
4 7 256
7 4 256
0 1 256
1 0 256
8 7 512
7 8 512
3 1 1024
1 3 1024
2 6 2048
6 2 2048
7 0 1024
0 7 1024
2 6 512
6 2 512
9 3 256
3 9 256
4 8 512
8 4 512
7 1 2048
1 7 2048
4 9 2048
9 4 2048
8 4 1024
4 8 1024
9 1 1024
1 9 1024
4 3 256
3 4 256
4 1 2048
1 4 2048
2 5 256
5 2 256
9 5 512
5 9 512
8 7 2048
7 8 2048
4 6 2048
6 4 2048
0 4 1024
4 0 1024
0 3 1024
3 0 1024
