10

2 7 2048
7 2 2048
1 7 256
7 1 256
0 7 256
7 0 256
9 8 2048
8 9 2048
7 8 1024
8 7 1024
5 4 1024
4 5 1024
0 1 2048
1 0 2048
3 1 512
1 3 512
4 3 1024
3 4 1024
9 5 1024
5 9 1024
5 3 2048
3 5 2048
7 6 2048
6 7 2048
5 4 512
4 5 512
9 5 512
5 9 512
0 8 256
8 0 256
2 1 512
1 2 512
1 5 1024
5 1 1024
8 2 2048
2 8 2048
7 8 2048
8 7 2048
8 9 1024
9 8 1024
5 7 1024
7 5 1024
0 5 512
5 0 512
6 3 512
3 6 512
5 7 1024
7 5 1024
9 8 512
8 9 512
5 2 512
2 5 512
4 8 512
8 4 512
7 6 512
6 7 512
9 8 2048
8 9 2048
7 8 512
8 7 512
