10

9 3 256
3 9 256
3 6 1024
6 3 1024
1 9 512
9 1 512
0 1 2048
1 0 2048
6 4 1024
4 6 1024
5 0 2048
0 5 2048
7 9 256
9 7 256
8 4 2048
4 8 2048
0 7 256
7 0 256
3 9 1024
9 3 1024
6 2 512
2 6 512
5 1 1024
1 5 1024
3 5 512
5 3 512
4 6 256
6 4 256
1 5 512
5 1 512
7 5 2048
5 7 2048
5 7 2048
7 5 2048
7 0 1024
0 7 1024
6 7 1024
7 6 1024
4 9 256
9 4 256
1 8 512
8 1 512
5 1 2048
1 5 2048
5 3 1024
3 5 1024
4 8 256
8 4 256
1 7 256
7 1 256
1 2 256
2 1 256
2 8 2048
8 2 2048
5 6 512
6 5 512
5 1 256
1 5 256
6 8 2048
8 6 2048
