10

2 3 1024
3 2 1024
4 7 2048
7 4 2048
8 1 2048
1 8 2048
3 7 1024
7 3 1024
7 3 512
3 7 512
2 5 512
5 2 512
4 3 1024
3 4 1024
8 5 2048
5 8 2048
9 1 512
1 9 512
4 8 1024
8 4 1024
9 1 1024
1 9 1024
1 5 512
5 1 512
2 5 1024
5 2 1024
1 5 2048
5 1 2048
3 1 512
1 3 512
4 2 256
2 4 256
2 8 256
8 2 256
8 5 256
5 8 256
9 7 256
7 9 256
0 9 512
9 0 512
6 1 2048
1 6 2048
0 3 1024
3 0 1024
1 2 1024
2 1 1024
3 9 2048
9 3 2048
6 7 512
7 6 512
2 0 256
0 2 256
5 2 512
2 5 512
0 1 2048
1 0 2048
1 0 256
0 1 256
4 1 2048
1 4 2048
