10

1 3 512
3 1 512
2 3 1024
3 2 1024
0 1 512
1 0 512
6 8 256
8 6 256
7 9 256
9 7 256
0 6 1024
6 0 1024
9 8 1024
8 9 1024
5 6 256
6 5 256
8 7 512
7 8 512
5 9 256
9 5 256
2 3 2048
3 2 2048
9 6 512
6 9 512
1 5 1024
5 1 1024
3 5 256
5 3 256
2 0 256
0 2 256
1 6 256
6 1 256
2 3 2048
3 2 2048
9 3 1024
3 9 1024
4 9 1024
9 4 1024
6 1 256
1 6 256
2 0 256
0 2 256
3 6 256
6 3 256
0 9 256
9 0 256
0 4 512
4 0 512
2 1 256
1 2 256
6 0 512
0 6 512
0 6 2048
6 0 2048
4 9 1024
9 4 1024
4 3 512
3 4 512
6 5 256
5 6 256
