10

8 9 1024
9 8 1024
7 8 1024
8 7 1024
1 0 512
0 1 512
4 1 2048
1 4 2048
4 2 1024
2 4 1024
7 5 512
5 7 512
1 2 512
2 1 512
4 8 256
8 4 256
3 0 256
0 3 256
8 1 1024
1 8 1024
5 9 1024
9 5 1024
4 0 1024
0 4 1024
3 6 1024
6 3 1024
4 6 256
6 4 256
5 2 1024
2 5 1024
3 2 1024
2 3 1024
4 6 256
6 4 256
8 0 1024
0 8 1024
1 9 1024
9 1 1024
4 0 1024
0 4 1024
9 3 256
3 9 256
2 9 256
9 2 256
7 6 1024
6 7 1024
5 4 2048
4 5 2048
1 5 256
5 1 256
0 8 2048
8 0 2048
5 6 2048
6 5 2048
3 8 512
8 3 512
5 3 256
3 5 256
5 9 512
9 5 512
