10

0 7 1024
7 0 1024
3 8 256
8 3 256
8 6 2048
6 8 2048
2 9 256
9 2 256
3 5 512
5 3 512
4 1 2048
1 4 2048
9 0 256
0 9 256
8 7 256
7 8 256
3 8 2048
8 3 2048
8 7 1024
7 8 1024
6 5 256
5 6 256
8 3 256
3 8 256
5 1 2048
1 5 2048
4 1 256
1 4 256
3 7 512
7 3 512
9 2 512
2 9 512
1 8 1024
8 1 1024
0 6 256
6 0 256
0 1 512
1 0 512
8 3 1024
3 8 1024
9 2 256
2 9 256
8 3 1024
3 8 1024
1 0 512
0 1 512
0 3 512
3 0 512
6 2 512
2 6 512
3 1 512
1 3 512
9 2 1024
2 9 1024
3 1 512
1 3 512
9 4 512
4 9 512
3 0 1024
0 3 1024
