10

7 0 512
0 7 512
0 4 256
4 0 256
2 1 2048
1 2 2048
4 6 1024
6 4 1024
2 0 1024
0 2 1024
6 7 2048
7 6 2048
4 0 256
0 4 256
5 3 1024
3 5 1024
4 7 256
7 4 256
7 8 1024
8 7 1024
2 6 512
6 2 512
8 5 1024
5 8 1024
4 7 2048
7 4 2048
2 0 512
0 2 512
6 4 2048
4 6 2048
0 9 2048
9 0 2048
4 6 512
6 4 512
2 0 256
0 2 256
3 5 2048
5 3 2048
1 3 256
3 1 256
5 3 2048
3 5 2048
6 2 1024
2 6 1024
4 1 1024
1 4 1024
6 3 512
3 6 512
6 4 512
4 6 512
8 3 1024
3 8 1024
4 6 256
6 4 256
8 5 256
5 8 256
8 9 512
9 8 512
1 7 256
7 1 256
