10

1 8 512
8 1 512
1 2 2048
2 1 2048
0 3 2048
3 0 2048
7 0 1024
0 7 1024
9 0 2048
0 9 2048
5 3 1024
3 5 1024
4 8 256
8 4 256
5 4 512
4 5 512
4 8 256
8 4 256
5 1 256
1 5 256
6 5 512
5 6 512
9 7 2048
7 9 2048
0 1 2048
1 0 2048
9 1 256
1 9 256
8 5 2048
5 8 2048
7 5 256
5 7 256
6 5 2048
5 6 2048
0 4 256
4 0 256
6 3 256
3 6 256
7 8 1024
8 7 1024
4 6 256
6 4 256
0 7 512
7 0 512
4 2 256
2 4 256
6 9 256
9 6 256
4 0 512
0 4 512
7 3 256
3 7 256
8 4 256
4 8 256
1 6 2048
6 1 2048
3 9 256
9 3 256
7 4 512
4 7 512
