10

7 9 512
9 7 512
4 8 256
8 4 256
4 5 2048
5 4 2048
6 3 2048
3 6 2048
1 8 512
8 1 512
3 0 512
0 3 512
6 8 1024
8 6 1024
6 0 2048
0 6 2048
1 8 2048
8 1 2048
5 3 256
3 5 256
2 3 512
3 2 512
9 0 1024
0 9 1024
9 6 512
6 9 512
2 6 2048
6 2 2048
4 0 256
0 4 256
9 7 256
7 9 256
2 0 1024
0 2 1024
4 8 2048
8 4 2048
8 3 256
3 8 256
3 8 256
8 3 256
0 9 2048
9 0 2048
8 9 1024
9 8 1024
2 7 256
7 2 256
2 9 512
9 2 512
1 0 256
0 1 256
9 4 2048
4 9 2048
4 5 512
5 4 512
8 4 2048
4 8 2048
9 6 2048
6 9 2048
0 6 1024
6 0 1024
