10

2 6 1024
6 2 1024
9 5 2048
5 9 2048
6 5 2048
5 6 2048
3 6 1024
6 3 1024
8 5 2048
5 8 2048
5 7 512
7 5 512
3 8 1024
8 3 1024
4 7 256
7 4 256
0 4 2048
4 0 2048
3 5 2048
5 3 2048
8 4 2048
4 8 2048
2 3 512
3 2 512
7 6 1024
6 7 1024
6 9 512
9 6 512
5 2 512
2 5 512
3 1 512
1 3 512
9 7 256
7 9 256
0 9 2048
9 0 2048
3 9 2048
9 3 2048
8 9 512
9 8 512
7 8 1024
8 7 1024
0 5 512
5 0 512
2 5 256
5 2 256
0 1 1024
1 0 1024
3 8 512
8 3 512
6 4 1024
4 6 1024
2 8 1024
8 2 1024
6 7 256
7 6 256
5 8 256
8 5 256
4 2 256
2 4 256
