10

0 1 2048
1 0 2048
4 2 1024
2 4 1024
5 6 256
6 5 256
8 9 2048
9 8 2048
0 6 2048
6 0 2048
2 6 2048
6 2 2048
9 3 1024
3 9 1024
2 1 256
1 2 256
6 3 1024
3 6 1024
0 6 2048
6 0 2048
3 1 512
1 3 512
3 4 256
4 3 256
6 1 512
1 6 512
0 2 512
2 0 512
6 3 512
3 6 512
3 7 512
7 3 512
8 0 512
0 8 512
7 0 512
0 7 512
3 4 512
4 3 512
2 3 512
3 2 512
6 4 1024
4 6 1024
6 8 2048
8 6 2048
6 4 1024
4 6 1024
2 4 2048
4 2 2048
6 9 256
9 6 256
2 7 1024
7 2 1024
0 9 2048
9 0 2048
2 0 1024
0 2 1024
5 3 256
3 5 256
9 8 1024
8 9 1024
