10

5 2 256
2 5 256
1 6 512
6 1 512
7 5 1024
5 7 1024
9 7 256
7 9 256
2 3 512
3 2 512
9 0 256
0 9 256
7 5 256
5 7 256
0 2 512
2 0 512
9 5 1024
5 9 1024
3 5 1024
5 3 1024
9 4 256
4 9 256
3 2 512
2 3 512
1 2 512
2 1 512
7 3 256
3 7 256
8 7 2048
7 8 2048
4 8 512
8 4 512
3 1 2048
1 3 2048
8 3 2048
3 8 2048
4 0 256
0 4 256
3 6 256
6 3 256
9 6 256
6 9 256
6 7 1024
7 6 1024
5 6 256
6 5 256
3 4 512
4 3 512
8 1 1024
1 8 1024
3 1 256
1 3 256
8 0 2048
0 8 2048
9 7 256
7 9 256
3 2 512
2 3 512
5 9 512
9 5 512
