10

9 3 256
3 9 256
5 6 256
6 5 256
9 5 1024
5 9 1024
7 0 512
0 7 512
6 7 512
7 6 512
8 6 1024
6 8 1024
3 0 1024
0 3 1024
7 9 2048
9 7 2048
6 8 256
8 6 256
7 2 1024
2 7 1024
4 2 1024
2 4 1024
9 2 2048
2 9 2048
2 8 512
8 2 512
4 8 2048
8 4 2048
4 1 2048
1 4 2048
0 5 2048
5 0 2048
1 3 256
3 1 256
1 2 1024
2 1 1024
4 7 512
7 4 512
6 7 512
7 6 512
9 5 512
5 9 512
6 5 256
5 6 256
5 3 1024
3 5 1024
3 4 256
4 3 256
2 8 1024
8 2 1024
6 7 2048
7 6 2048
2 4 256
4 2 256
5 9 512
9 5 512
4 7 1024
7 4 1024
5 3 256
3 5 256
