10

5 3 256
3 5 256
6 3 2048
3 6 2048
0 5 256
5 0 256
2 3 512
3 2 512
5 3 1024
3 5 1024
4 3 1024
3 4 1024
9 7 512
7 9 512
0 9 1024
9 0 1024
4 9 2048
9 4 2048
5 1 1024
1 5 1024
4 8 256
8 4 256
5 0 2048
0 5 2048
4 6 2048
6 4 2048
8 1 2048
1 8 2048
7 9 512
9 7 512
1 5 1024
5 1 1024
2 9 256
9 2 256
0 5 2048
5 0 2048
9 3 1024
3 9 1024
0 5 1024
5 0 1024
9 3 2048
3 9 2048
9 8 512
8 9 512
4 6 256
6 4 256
5 9 256
9 5 256
4 3 1024
3 4 1024
0 6 2048
6 0 2048
2 1 1024
1 2 1024
7 1 2048
1 7 2048
5 8 1024
8 5 1024
0 5 256
5 0 256
