10

6 2 512
2 6 512
2 1 256
1 2 256
5 1 1024
1 5 1024
8 3 512
3 8 512
7 6 512
6 7 512
2 6 256
6 2 256
4 9 2048
9 4 2048
0 6 1024
6 0 1024
9 1 2048
1 9 2048
7 9 2048
9 7 2048
6 0 256
0 6 256
7 4 512
4 7 512
2 6 2048
6 2 2048
7 2 512
2 7 512
7 9 2048
9 7 2048
2 1 256
1 2 256
1 8 512
8 1 512
1 4 2048
4 1 2048
7 0 2048
0 7 2048
9 2 512
2 9 512
5 0 1024
0 5 1024
8 5 2048
5 8 2048
9 5 512
5 9 512
2 0 512
0 2 512
2 7 256
7 2 256
4 5 1024
5 4 1024
2 0 2048
0 2 2048
6 8 256
8 6 256
7 8 512
8 7 512
6 4 1024
4 6 1024
