10

0 7 256
7 0 256
0 2 512
2 0 512
2 6 512
6 2 512
2 1 512
1 2 512
2 8 2048
8 2 2048
0 9 2048
9 0 2048
7 1 512
1 7 512
4 0 512
0 4 512
4 2 512
2 4 512
8 1 256
1 8 256
9 2 2048
2 9 2048
6 5 1024
5 6 1024
4 7 512
7 4 512
0 8 2048
8 0 2048
8 7 2048
7 8 2048
8 5 256
5 8 256
8 9 2048
9 8 2048
2 0 256
0 2 256
8 3 2048
3 8 2048
9 0 2048
0 9 2048
9 1 1024
1 9 1024
3 9 2048
9 3 2048
9 2 256
2 9 256
2 5 256
5 2 256
6 0 1024
0 6 1024
3 8 1024
8 3 1024
4 2 1024
2 4 1024
4 7 1024
7 4 1024
6 3 512
3 6 512
6 5 2048
5 6 2048
