10

1 2 256
2 1 256
2 9 512
9 2 512
3 7 2048
7 3 2048
7 4 256
4 7 256
0 2 512
2 0 512
3 1 1024
1 3 1024
0 1 1024
1 0 1024
8 3 2048
3 8 2048
7 1 1024
1 7 1024
3 1 1024
1 3 1024
6 1 256
1 6 256
1 5 512
5 1 512
9 8 2048
8 9 2048
1 6 256
6 1 256
9 2 256
2 9 256
0 5 1024
5 0 1024
1 3 1024
3 1 1024
4 2 512
2 4 512
6 1 256
1 6 256
2 1 512
1 2 512
4 3 256
3 4 256
3 4 256
4 3 256
1 9 256
9 1 256
8 4 512
4 8 512
8 3 256
3 8 256
4 2 2048
2 4 2048
8 2 512
2 8 512
6 5 512
5 6 512
4 8 512
8 4 512
2 3 256
3 2 256
