10

0 4 1024
4 0 1024
6 0 2048
0 6 2048
8 1 512
1 8 512
6 8 256
8 6 256
2 9 2048
9 2 2048
3 1 2048
1 3 2048
8 1 256
1 8 256
9 8 2048
8 9 2048
8 0 1024
0 8 1024
8 6 1024
6 8 1024
4 9 2048
9 4 2048
2 1 1024
1 2 1024
9 0 256
0 9 256
5 7 1024
7 5 1024
6 3 1024
3 6 1024
7 4 2048
4 7 2048
7 9 1024
9 7 1024
2 8 2048
8 2 2048
5 3 2048
3 5 2048
6 7 256
7 6 256
0 1 256
1 0 256
5 2 2048
2 5 2048
2 0 256
0 2 256
5 0 256
0 5 256
3 4 1024
4 3 1024
5 1 2048
1 5 2048
9 4 256
4 9 256
4 2 256
2 4 256
8 1 256
1 8 256
1 7 1024
7 1 1024
