10

7 3 1024
3 7 1024
6 3 512
3 6 512
6 0 256
0 6 256
1 9 256
9 1 256
2 0 2048
0 2 2048
1 6 2048
6 1 2048
8 6 512
6 8 512
3 9 1024
9 3 1024
1 3 1024
3 1 1024
3 4 512
4 3 512
6 1 256
1 6 256
1 7 256
7 1 256
3 5 1024
5 3 1024
7 3 2048
3 7 2048
6 4 256
4 6 256
2 8 512
8 2 512
5 9 2048
9 5 2048
1 2 256
2 1 256
3 9 256
9 3 256
5 7 2048
7 5 2048
2 1 256
1 2 256
6 8 256
8 6 256
2 4 1024
4 2 1024
3 4 2048
4 3 2048
2 9 512
9 2 512
7 9 256
9 7 256
8 9 512
9 8 512
3 8 1024
8 3 1024
6 7 256
7 6 256
1 6 512
6 1 512
