10

5 6 1024
6 5 1024
3 9 256
9 3 256
9 4 1024
4 9 1024
3 9 1024
9 3 1024
6 9 2048
9 6 2048
7 1 512
1 7 512
0 7 1024
7 0 1024
9 2 2048
2 9 2048
2 4 256
4 2 256
6 9 1024
9 6 1024
3 0 1024
0 3 1024
0 2 1024
2 0 1024
7 5 256
5 7 256
5 8 1024
8 5 1024
9 6 2048
6 9 2048
9 7 2048
7 9 2048
5 2 1024
2 5 1024
2 8 512
8 2 512
0 9 512
9 0 512
1 5 512
5 1 512
9 2 1024
2 9 1024
0 7 512
7 0 512
9 6 512
6 9 512
3 8 1024
8 3 1024
1 7 1024
7 1 1024
8 6 256
6 8 256
3 5 256
5 3 256
7 5 2048
5 7 2048
2 5 256
5 2 256
9 0 1024
0 9 1024
