10

9 6 512
6 9 512
0 5 512
5 0 512
7 2 2048
2 7 2048
1 3 512
3 1 512
8 0 2048
0 8 2048
4 6 2048
6 4 2048
3 7 2048
7 3 2048
8 2 2048
2 8 2048
3 1 512
1 3 512
0 7 1024
7 0 1024
8 5 1024
5 8 1024
0 2 1024
2 0 1024
4 6 1024
6 4 1024
9 7 256
7 9 256
8 0 256
0 8 256
1 8 2048
8 1 2048
5 8 512
8 5 512
4 1 1024
1 4 1024
4 7 256
7 4 256
0 3 256
3 0 256
7 5 512
5 7 512
2 8 2048
8 2 2048
5 8 256
8 5 256
7 9 2048
9 7 2048
1 7 512
7 1 512
6 9 1024
9 6 1024
7 5 256
5 7 256
4 2 1024
2 4 1024
4 3 2048
3 4 2048
4 3 2048
3 4 2048
