10

4 8 1024
8 4 1024
3 4 2048
4 3 2048
9 6 512
6 9 512
4 3 2048
3 4 2048
9 2 2048
2 9 2048
2 6 512
6 2 512
7 4 2048
4 7 2048
7 0 256
0 7 256
0 1 256
1 0 256
7 8 256
8 7 256
7 1 1024
1 7 1024
4 6 512
6 4 512
4 7 512
7 4 512
5 7 1024
7 5 1024
9 3 2048
3 9 2048
1 6 2048
6 1 2048
5 3 512
3 5 512
6 0 512
0 6 512
3 1 256
1 3 256
0 3 2048
3 0 2048
7 3 1024
3 7 1024
5 8 256
8 5 256
7 5 256
5 7 256
6 8 1024
8 6 1024
4 8 512
8 4 512
1 0 2048
0 1 2048
9 0 1024
0 9 1024
9 4 2048
4 9 2048
3 9 512
9 3 512
1 4 512
4 1 512
