10

7 1 512
1 7 512
7 3 512
3 7 512
2 6 512
6 2 512
1 2 1024
2 1 1024
0 9 2048
9 0 2048
6 4 2048
4 6 2048
8 0 2048
0 8 2048
2 5 1024
5 2 1024
8 4 512
4 8 512
7 2 256
2 7 256
9 5 512
5 9 512
0 3 512
3 0 512
1 7 1024
7 1 1024
5 9 2048
9 5 2048
4 7 2048
7 4 2048
1 9 512
9 1 512
2 7 256
7 2 256
6 3 512
3 6 512
6 3 1024
3 6 1024
7 5 2048
5 7 2048
8 1 512
1 8 512
6 3 256
3 6 256
1 4 1024
4 1 1024
5 7 1024
7 5 1024
2 0 1024
0 2 1024
9 4 2048
4 9 2048
7 4 256
4 7 256
5 8 512
8 5 512
1 3 256
3 1 256
8 3 256
3 8 256
