10

4 9 1024
9 4 1024
6 4 512
4 6 512
6 1 512
1 6 512
6 1 512
1 6 512
1 0 1024
0 1 1024
6 3 2048
3 6 2048
3 1 1024
1 3 1024
9 2 1024
2 9 1024
5 8 1024
8 5 1024
1 6 256
6 1 256
6 5 2048
5 6 2048
6 3 256
3 6 256
7 3 1024
3 7 1024
2 3 2048
3 2 2048
7 8 2048
8 7 2048
3 8 2048
8 3 2048
7 4 256
4 7 256
5 3 512
3 5 512
6 9 256
9 6 256
5 0 512
0 5 512
7 9 256
9 7 256
3 0 1024
0 3 1024
6 4 512
4 6 512
2 7 512
7 2 512
5 7 512
7 5 512
8 7 1024
7 8 1024
3 1 1024
1 3 1024
0 2 512
2 0 512
3 6 2048
6 3 2048
0 5 256
5 0 256
