10

9 5 2048
5 9 2048
1 6 512
6 1 512
3 4 2048
4 3 2048
7 1 256
1 7 256
1 0 256
0 1 256
5 1 512
1 5 512
1 7 2048
7 1 2048
1 6 2048
6 1 2048
8 5 2048
5 8 2048
4 9 256
9 4 256
6 4 256
4 6 256
6 9 256
9 6 256
1 8 256
8 1 256
3 6 512
6 3 512
5 7 512
7 5 512
1 6 1024
6 1 1024
9 4 512
4 9 512
1 7 1024
7 1 1024
4 8 2048
8 4 2048
2 8 256
8 2 256
8 9 512
9 8 512
8 0 2048
0 8 2048
8 3 2048
3 8 2048
1 0 256
0 1 256
2 3 512
3 2 512
9 0 512
0 9 512
2 8 2048
8 2 2048
0 5 512
5 0 512
5 2 512
2 5 512
2 4 512
4 2 512
