10

7 2 256
2 7 256
9 7 512
7 9 512
0 7 1024
7 0 1024
7 6 1024
6 7 1024
1 0 1024
0 1 1024
2 0 2048
0 2 2048
7 8 256
8 7 256
4 2 1024
2 4 1024
1 9 512
9 1 512
2 6 2048
6 2 2048
1 5 256
5 1 256
9 3 512
3 9 512
3 5 256
5 3 256
9 8 512
8 9 512
9 0 2048
0 9 2048
2 7 1024
7 2 1024
7 0 1024
0 7 1024
6 9 256
9 6 256
9 2 256
2 9 256
3 0 2048
0 3 2048
5 3 1024
3 5 1024
5 0 1024
0 5 1024
7 0 256
0 7 256
4 7 2048
7 4 2048
0 7 2048
7 0 2048
6 8 2048
8 6 2048
2 0 1024
0 2 1024
5 3 256
3 5 256
6 1 2048
1 6 2048
7 9 512
9 7 512
