10

3 1 512
1 3 512
8 0 512
0 8 512
6 4 256
4 6 256
4 8 1024
8 4 1024
4 3 256
3 4 256
4 8 1024
8 4 1024
3 9 2048
9 3 2048
8 3 2048
3 8 2048
6 7 1024
7 6 1024
9 0 256
0 9 256
7 4 512
4 7 512
5 2 1024
2 5 1024
3 5 2048
5 3 2048
4 5 256
5 4 256
1 7 1024
7 1 1024
6 1 512
1 6 512
1 4 512
4 1 512
0 8 512
8 0 512
2 0 256
0 2 256
2 6 512
6 2 512
3 9 2048
9 3 2048
2 9 1024
9 2 1024
7 6 1024
6 7 1024
7 1 256
1 7 256
3 0 2048
0 3 2048
5 8 512
8 5 512
8 9 512
9 8 512
7 0 1024
0 7 1024
7 5 2048
5 7 2048
9 3 256
3 9 256
