10

0 4 2048
4 0 2048
9 1 2048
1 9 2048
2 6 2048
6 2 2048
5 4 2048
4 5 2048
0 8 512
8 0 512
0 4 256
4 0 256
0 2 256
2 0 256
1 8 1024
8 1 1024
5 4 512
4 5 512
0 4 512
4 0 512
6 9 2048
9 6 2048
3 0 512
0 3 512
8 4 256
4 8 256
7 3 256
3 7 256
8 1 1024
1 8 1024
7 6 512
6 7 512
5 0 2048
0 5 2048
7 6 256
6 7 256
6 4 256
4 6 256
0 9 1024
9 0 1024
1 0 512
0 1 512
9 3 2048
3 9 2048
8 0 1024
0 8 1024
5 0 512
0 5 512
5 9 1024
9 5 1024
5 8 256
8 5 256
1 9 512
9 1 512
7 8 1024
8 7 1024
8 3 1024
3 8 1024
7 6 1024
6 7 1024
