10

8 5 512
5 8 512
3 4 2048
4 3 2048
0 6 1024
6 0 1024
7 6 256
6 7 256
3 4 2048
4 3 2048
6 4 256
4 6 256
6 8 512
8 6 512
4 1 2048
1 4 2048
0 4 2048
4 0 2048
8 3 512
3 8 512
2 5 2048
5 2 2048
0 8 256
8 0 256
4 7 256
7 4 256
2 6 512
6 2 512
2 4 512
4 2 512
8 3 256
3 8 256
9 5 1024
5 9 1024
3 1 1024
1 3 1024
1 9 2048
9 1 2048
2 4 512
4 2 512
8 0 1024
0 8 1024
0 2 512
2 0 512
1 2 512
2 1 512
4 1 1024
1 4 1024
8 9 512
9 8 512
4 8 2048
8 4 2048
7 6 1024
6 7 1024
1 9 256
9 1 256
8 3 2048
3 8 2048
6 4 1024
4 6 1024
